# This document contanins statistical data on Moran simulation 
# Population size: 	100
# Sample size: 	10
# Coalescent times:
130.0	177.0	591.0	966.0	1714.0	1927.0	2308.0	3145.0	7747.0
111.0	155.0	653.0	677.0	1185.0	1660.0	1815.0	3054.0	20223.0
867.0	1084.0	1153.0	1535.0	1637.0	1866.0	2137.0	5932.0	19680.0
156.0	347.0	461.0	909.0	925.0	1779.0	2684.0	3596.0	21556.0
242.0	800.0	995.0	1103.0	1110.0	2460.0	3140.0	3337.0	7559.0
30.0	191.0	400.0	892.0	1091.0	1657.0	2179.0	4523.0	13402.0
34.0	89.0	155.0	412.0	432.0	1115.0	2656.0	2771.0	4168.0
289.0	294.0	329.0	443.0	809.0	2894.0	3259.0	4723.0	6792.0
136.0	165.0	437.0	582.0	639.0	1091.0	1114.0	2023.0	5415.0
146.0	151.0	570.0	786.0	1026.0	1212.0	2036.0	2417.0	2620.0
274.0	281.0	319.0	903.0	980.0	1742.0	1905.0	4628.0	5212.0
159.0	342.0	557.0	778.0	814.0	2636.0	2843.0	4677.0	6184.0
41.0	136.0	985.0	1296.0	1387.0	1426.0	3092.0	3500.0	6881.0
170.0	360.0	533.0	569.0	844.0	1416.0	3320.0	3431.0	3734.0
176.0	378.0	769.0	1661.0	1947.0	2330.0	4354.0	5624.0	8096.0
48.0	210.0	327.0	577.0	985.0	1095.0	1629.0	5793.0	8250.0
129.0	274.0	287.0	690.0	1314.0	1349.0	4537.0	6294.0	8371.0
177.0	536.0	681.0	789.0	974.0	1857.0	1951.0	3961.0	4956.0
129.0	141.0	349.0	551.0	1306.0	1545.0	2105.0	2934.0	10178.0
397.0	518.0	647.0	738.0	1026.0	2171.0	3231.0	5438.0	6677.0
13.0	215.0	576.0	578.0	816.0	3119.0	5267.0	6814.0	8441.0
21.0	116.0	119.0	126.0	430.0	467.0	1009.0	1375.0	1884.0
16.0	33.0	67.0	861.0	1139.0	2272.0	2472.0	4785.0	6950.0
90.0	115.0	225.0	442.0	1395.0	1886.0	2189.0	9083.0	25450.0
99.0	123.0	625.0	777.0	808.0	932.0	1223.0	1411.0	18675.0
146.0	313.0	338.0	415.0	505.0	859.0	5617.0	6022.0	6354.0
70.0	206.0	284.0	339.0	900.0	2661.0	4719.0	5922.0	11276.0
59.0	200.0	369.0	415.0	705.0	772.0	2899.0	4546.0	19159.0
46.0	95.0	591.0	634.0	675.0	1804.0	2332.0	2378.0	6441.0
273.0	498.0	556.0	997.0	1475.0	1835.0	2282.0	4150.0	8863.0
222.0	231.0	551.0	665.0	1047.0	1279.0	1672.0	1960.0	9163.0
290.0	662.0	884.0	1484.0	1866.0	2206.0	2376.0	4134.0	6192.0
267.0	391.0	393.0	503.0	568.0	1422.0	2718.0	3388.0	26680.0
25.0	167.0	210.0	386.0	1093.0	2158.0	3003.0	3599.0	16107.0
31.0	33.0	91.0	125.0	215.0	623.0	1199.0	1436.0	4862.0
57.0	322.0	561.0	577.0	671.0	890.0	979.0	5350.0	10098.0
77.0	111.0	190.0	216.0	729.0	2055.0	3022.0	3300.0	32032.0
131.0	333.0	424.0	712.0	756.0	915.0	1113.0	2649.0	14227.0
323.0	354.0	433.0	706.0	939.0	1214.0	1577.0	1926.0	17529.0
144.0	282.0	424.0	551.0	635.0	956.0	2467.0	5248.0	25499.0
193.0	276.0	358.0	467.0	718.0	1013.0	1244.0	3555.0	3687.0
49.0	183.0	416.0	437.0	472.0	1249.0	1426.0	1430.0	3932.0
221.0	323.0	353.0	648.0	2806.0	2930.0	3703.0	6458.0	7215.0
163.0	428.0	509.0	532.0	756.0	1014.0	1743.0	3834.0	5263.0
183.0	464.0	660.0	773.0	818.0	826.0	1407.0	1618.0	3408.0
152.0	555.0	663.0	1179.0	1277.0	1352.0	3112.0	12430.0	14354.0
46.0	315.0	372.0	376.0	640.0	2517.0	2813.0	3115.0	5386.0
128.0	150.0	467.0	962.0	1219.0	1530.0	2277.0	4635.0	8985.0
140.0	153.0	282.0	401.0	478.0	519.0	998.0	1013.0	3462.0
50.0	135.0	147.0	255.0	456.0	819.0	2508.0	2910.0	5129.0
162.0	249.0	679.0	1441.0	1642.0	2733.0	2950.0	3557.0	6366.0
157.0	606.0	718.0	1515.0	2145.0	2354.0	2802.0	5776.0	6042.0
291.0	296.0	405.0	486.0	561.0	720.0	1104.0	1643.0	3672.0
163.0	185.0	388.0	828.0	847.0	2046.0	2101.0	3099.0	3783.0
24.0	52.0	383.0	421.0	423.0	650.0	684.0	1448.0	3321.0
42.0	200.0	262.0	667.0	850.0	3975.0	4198.0	6918.0	7991.0
150.0	392.0	395.0	629.0	689.0	1422.0	1600.0	2866.0	3588.0
54.0	77.0	119.0	155.0	830.0	1444.0	2346.0	2426.0	2587.0
27.0	110.0	137.0	156.0	299.0	1160.0	2179.0	3448.0	3918.0
177.0	451.0	471.0	624.0	848.0	1506.0	1912.0	6708.0	9173.0
113.0	187.0	555.0	637.0	1016.0	1948.0	3406.0	4223.0	6805.0
56.0	63.0	91.0	840.0	959.0	1966.0	2804.0	5383.0	7572.0
323.0	337.0	687.0	782.0	791.0	800.0	2130.0	2888.0	15508.0
149.0	192.0	213.0	279.0	351.0	2585.0	2631.0	3003.0	7096.0
181.0	297.0	495.0	894.0	901.0	3384.0	3443.0	9339.0	13975.0
388.0	498.0	949.0	1409.0	1474.0	1585.0	2066.0	3879.0	9738.0
96.0	290.0	338.0	342.0	533.0	907.0	3198.0	4841.0	5344.0
84.0	240.0	493.0	496.0	657.0	1347.0	1664.0	2584.0	4639.0
312.0	368.0	526.0	1196.0	1537.0	2526.0	3428.0	4256.0	7550.0
74.0	110.0	111.0	197.0	347.0	493.0	2234.0	4316.0	8240.0
51.0	185.0	306.0	313.0	379.0	837.0	1600.0	3651.0	6162.0
152.0	245.0	255.0	397.0	551.0	679.0	1205.0	6273.0	12316.0
63.0	66.0	294.0	928.0	1493.0	1918.0	4916.0	8866.0	9607.0
104.0	293.0	422.0	751.0	1537.0	2081.0	3916.0	5140.0	5999.0
66.0	353.0	894.0	1008.0	1155.0	1329.0	1372.0	2071.0	2966.0
53.0	250.0	488.0	507.0	1275.0	1606.0	2282.0	9922.0	30325.0
291.0	383.0	441.0	579.0	1003.0	1020.0	1447.0	4296.0	5193.0
180.0	195.0	306.0	357.0	1606.0	1803.0	4621.0	4670.0	7104.0
93.0	95.0	233.0	446.0	872.0	2418.0	2951.0	4292.0	4728.0
215.0	319.0	705.0	728.0	866.0	1125.0	1776.0	2560.0	8409.0
98.0	355.0	397.0	591.0	761.0	1450.0	3539.0	4433.0	13627.0
11.0	124.0	348.0	519.0	924.0	1017.0	1493.0	1815.0	11853.0
71.0	512.0	559.0	1035.0	1614.0	2400.0	2905.0	3002.0	11729.0
384.0	546.0	594.0	633.0	783.0	992.0	2504.0	2687.0	10034.0
261.0	440.0	870.0	1433.0	2021.0	2468.0	3829.0	4658.0	6687.0
38.0	449.0	546.0	1334.0	1488.0	1512.0	1760.0	2291.0	16754.0
365.0	798.0	1094.0	1479.0	1608.0	3095.0	3237.0	3558.0	7813.0
72.0	122.0	206.0	215.0	1267.0	1667.0	1755.0	2579.0	3848.0
131.0	246.0	358.0	737.0	1556.0	2876.0	3234.0	4980.0	7904.0
193.0	258.0	533.0	953.0	2003.0	2124.0	2725.0	4272.0	9963.0
187.0	267.0	383.0	554.0	941.0	1538.0	2069.0	2604.0	2984.0
213.0	361.0	450.0	455.0	746.0	1077.0	5714.0	5796.0	12845.0
349.0	549.0	822.0	879.0	917.0	1133.0	1703.0	2867.0	13929.0
189.0	336.0	630.0	816.0	1085.0	1435.0	4972.0	5192.0	7547.0
194.0	194.0	590.0	900.0	971.0	1745.0	2872.0	5036.0	5166.0
366.0	409.0	503.0	677.0	743.0	847.0	1566.0	3887.0	16223.0
135.0	219.0	235.0	776.0	1306.0	2016.0	2587.0	3738.0	6363.0
264.0	605.0	660.0	828.0	1471.0	1513.0	1579.0	1753.0	5231.0
152.0	199.0	258.0	561.0	1214.0	1764.0	4249.0	5754.0	11309.0
28.0	77.0	240.0	845.0	961.0	1089.0	1138.0	1427.0	13525.0
